$ANSIBLE_VAULT;1.1;AES256
32333035656232626364343661626331656362326138343362346663373966623131306566316330
3031343733336561653339636539633862666464326330380a346333396534353531616334373466
36376633303961656232343533353561366137383763323539656639653731663862363965626363
3961313463376262320a363034626339656366353133623864393531613831623539353463633739
64323238633731613435663438616232386635626464343737616639653663333261643130323164
32623635303666636438386265363036373961653037333137646163643931636132326164376632
33313833626361373039386266663533643730623434386335376364393532336233366239386565
30326565383864393933666366653762653562393561363466616537396334616630633839323164
66306465323261393061323739333035393962633534333565643132343462366432323565333031
36396236303033623763373939326435386336376666343237393033376232316438396264613135
37323736333335383633343734666330646434303338353533653132343234656464383661336336
64663630323135393932643936323834383733373439323264663834653535336636646331363036
62643661613232613336623338666438376335613664306661623663333364373039363431376139
33613561303262353462653238643762336533383836306132396135393036316166666362333262
34316464646331346136373564306465663062643930396236323461373563343263333066393937
62306133653931333830346534643435363663663565376465393166353064646533323562313763
32343139323035333965326632646662313238626361626363623961376664313864643366313836
30373536663837383965633132303666613034366262326563316335613934393430366664313761
37313032363263313165613938643834656633333038353435313335383033353234373030623938
64346539303230393135323331336633316565306466333837623264623735653131313336373330
35633833323335363931313039313236356431313230646162383165653562633437313035636335
34653934656565323433613233366165366438336439396433376334313634653261363439623833
63613636323565386434663265316634313539333334613130383032383032646130643234386662
32623261393132323034326238643939623037343939343734633162636539336430396161623763
65656431323133626530623162646463383266386538303134343237326134346135386230393166
64663263363562333363336530373832653536363661333436396236653436613266326334356239
62613461653364393362343835633364643633353165663538343662653363303934333662306137
32653235333034626532326332613232313966336232663533376635623361373633373439383233
32323132633038316234336533313537666165383237313533346366613164646638656435313638
31346665653463313636663962373830363865623937663138323033353139613361643461343765
66396230353039313264653764356431356635626137396633653539373565663931366634653465
31356236666561316366326565663866613264303562626264666364333636316635306234656164
36356430366237326130616339613865303135643738336163643335313063393832616666396664
65653437373335373233363464653438356636313064356437396165613766666663383730366366
63303066633435393737653931306436306239633334653139323663326232393763343530366262
37313364303432316534646663323361643064356530633537336534383462623338653264656162
30373362343834643035666265323366363562623638326334636334336638393461323530326663
31663235386331633862363837376464353864363337613232393866393134323734623234613661
31333737646466383966323135303564373334393539383237306330366564393630373865326339
34623564333863383033393731633334626435386630663565323539363138336334306537396662
36393335383735356462323030326665396463626136306337383264323639336661343234363461
66323761666563323836323263366137323064343365363264663264623462333663646331633731
376339643863306530643433633566663865
